
# ONLY LOOKING AT 1:
2022-06-17 11:02:15,107 - INFO - 0, 7624.934605412291
1.4590970000000467, -4.883244600000336, 3.190138900000278, -0.7004388999999922, -0.4117002000000048, 39.227892899999055, 0.4052589999999986, 0.961, 0.013305799999996835, 1.1657277999999984, 0.013901199999996552, 0.013862099999997268
2022-06-16 13:48:18,577 - INFO - 1, 8204.059104386388
0.7910677000000078, -0.016392299999999485, 0.6937614000000022, 0.0354343999999994, -10.740158600000388, 0.8867511999999952, 1.2061140999999893, 0.0067, 0.06394689999999803, 0.06524089999999975, 0.0642696, 1.7492676000000031
2022-06-17 11:02:14,392 - INFO - 2, 7536.38003066987
0.575558499999986, -2.048745899999961, 1.231532500000008, -0.07787429999999922, 0.002440399999999484, 1.9211888999999978, 0.27121870000002773, 0.0093, 0.026656699999998094, 0.027272499999998274, 1.9494749000000164, 0.06970829999999888

# ONLY LOOKING AT 1:3
2022-06-17 11:17:49,471 - INFO - 0, 2799.5738022304877
1.2998968000000457, -4.774070300000363, 3.2642223000002866, -0.7649939999999913, -0.4821495000000048, 38.499443599999395, 0.4719461999999978, 0.961, 0.013521799999996765, 1.1418801999999943, 6.889999999654742e-05, 0.015369999999997205
2022-06-17 11:18:03,357 - INFO - 1, 3250.4381034597154
0.7306037000000047, -0.011335899999999448, 0.6901009000000012, 0.03577749999999921, -11.210956500000359, 0.8695084999999959, 1.08704859999999, 0.0067, 0.08653459999999781, 0.07526959999999955, 0.08286059999999996, 0.3243493000000012
2022-06-17 11:18:04,963 - INFO - 2, 2875.6051979464182
0.5753325999999852, -1.7319800999999593, 1.0969540000000095, -0.07824879999999944, -0.002751300000000516, 1.9234156000000011, 0.2555387000000265, 0.0093, 0.028251799999998183, 0.027596999999998314, 1.9660902000000178, 0.11684409999999919

1, 23397.51348354343
0.9837282999999932, -0.0615053999999995, 0.8323129999999931, 0.09758190000000021, -2.587617499999931, 0.8530712000000041, 0.23075229999999788, 0.0016, 0.2015566999999985, 0.20189369999999934, 0.1790875999999949,0.18074179999999868
0, 13223.432611036424
1.0921843000000016, -0.028090299999999485, 1.2737233000000034, 0.046357599999999256, -6.1526899999998585, 0.30108090000000154, 0.5833296000000111, 0.0085, 0.05508569999999815, 0.054950999999998355, 0.0751999999999986,0.05958269999999894
2, 13180.100109872423
0.9322239000000084, -14.44338909999981, 1.3334810999999887, 0.8541868000000093, -0.016066599999999813, 0.5988936000000002, 0.029251499999999986, 0.0086, 0.0658908999999992, 1.7307825000000039, 0.05876949999999916,0.05898749999999776
